==> 1.pdbqt_log.log <==
   1         -5.4      0.000      0.000
   2         -5.4     13.775     15.867
   3         -5.3      2.311      3.735
   4         -5.1     12.448     14.652
   5         -5.1      2.853      7.318
   6         -5.0     14.888     16.784
   7         -5.0     34.482     37.296
   8         -5.0     14.731     17.155
   9         -4.9     14.095     16.744
  10         -4.8     13.116     15.146
Writing output ... done.

==> 10.pdbqt_log.log <==
   1         -8.8      0.000      0.000
   2         -8.6      5.281      7.477
   3         -8.2     16.279     22.867
   4         -7.6     16.272     22.921
   5         -7.6     18.315     21.519
   6         -7.5     20.362     23.078
   7         -7.5      2.168      8.814
   8         -7.4      5.339      8.739
   9         -7.4      2.427      8.935
  10         -7.4     14.596     18.265
Writing output ... done.

==> 11.pdbqt_log.log <==
   1         -6.0      0.000      0.000
   2         -5.7      3.403      8.668
   3         -5.6     13.746     17.186
   4         -5.6     13.217     15.367
   5         -5.5      3.834      6.447
   6         -5.5     22.077     25.428
   7         -5.5      3.114      7.960
   8         -5.4     26.665     28.336
   9         -5.3     18.385     20.008
  10         -5.3     25.812     27.805
Writing output ... done.

==> 12.pdbqt_log.log <==
   1         -7.0      0.000      0.000
   2         -6.3     19.174     21.832
   3         -6.2     23.009     25.415
   4         -6.1     16.453     19.853
   5         -6.1      3.029      4.298
   6         -6.0      5.233      9.046
   7         -6.0     20.504     22.244
   8         -6.0     20.495     22.808
   9         -5.9     18.709     21.685
  10         -5.9     20.955     23.162
Writing output ... done.

==> 13.pdbqt_log.log <==
   1         -6.4      0.000      0.000
   2         -6.0     12.026     15.149
   3         -5.9      2.564      6.317
   4         -5.9     12.795     16.186
   5         -5.9     31.103     34.808
   6         -5.8      2.586      4.879
   7         -5.8     27.123     30.459
   8         -5.7      3.212      5.439
   9         -5.7     14.402     16.395
  10         -5.6      3.111      6.560
Writing output ... done.

==> 14.pdbqt_log.log <==
   1         -5.9      0.000      0.000
   2         -5.7      2.262      6.013
   3         -5.7     15.779     17.741
   4         -5.6      1.658      2.337
   5         -5.6     15.709     18.598
   6         -5.4     24.556     26.981
   7         -5.4     25.434     27.688
   8         -5.4      2.578      6.233
   9         -5.3      8.132     10.768
  10         -5.2      5.803      9.525
Writing output ... done.

==> 15.pdbqt_log.log <==
   1         -6.7      0.000      0.000
   2         -6.5      2.015      3.602
   3         -6.3      2.416      7.522
   4         -6.2     25.401     27.214
   5         -6.0     15.576     19.117
   6         -5.9     35.190     38.396
   7         -5.8     25.235     28.336
   8         -5.7     18.626     21.346
   9         -5.7     15.937     19.843
  10         -5.5      8.581     11.432
Writing output ... done.

==> 16.pdbqt_log.log <==
   1         -6.9      0.000      0.000
   2         -6.7      1.905      2.339
   3         -6.5      2.464      6.974
   4         -6.4     14.896     17.445
   5         -6.3     33.636     36.967
   6         -6.1     18.399     20.905
   7         -6.1     16.777     19.801
   8         -5.9     11.543     14.995
   9         -5.8     21.193     22.880
  10         -5.8     33.739     37.774
Writing output ... done.

==> 17.pdbqt_log.log <==
   1         -6.4      0.000      0.000
   2         -6.4     12.457     13.209
   3         -6.3     29.214     31.437
   4         -6.1     30.654     36.080
   5         -6.1      5.442      8.730
   6         -6.0     13.935     15.167
   7         -5.9      4.988      8.224
   8         -5.9     31.578     37.107
   9         -5.8     30.775     34.943
  10         -5.7     31.204     37.373
Writing output ... done.

==> 18.pdbqt_log.log <==
   1         -7.0      0.000      0.000
   2         -6.3      2.108      7.031
   3         -6.0      2.087      4.739
   4         -6.0     13.122     16.437
   5         -5.9     11.864     15.687
   6         -5.8     31.522     34.858
   7         -5.8      2.393      6.509
   8         -5.7      2.060      6.546
   9         -5.7     32.904     36.704
  10         -5.6      2.572      5.591
Writing output ... done.

==> 19.pdbqt_log.log <==
   1         -6.0      0.000      0.000
   2         -6.0      2.532      7.262
   3         -5.7     33.235     36.996
   4         -5.6      2.479      4.614
   5         -5.6      2.207      6.970
   6         -5.6     33.536     35.268
   7         -5.5      2.629      7.508
   8         -5.4     11.246     13.753
   9         -5.3     11.807     14.623
  10         -5.3     14.209     15.154
Writing output ... done.

==> 2.pdbqt_log.log <==
   1         -8.5      0.000      0.000
   2         -7.4      1.852      7.246
   3         -7.2     11.112     14.735
   4         -7.2     11.145     14.665
   5         -7.1      2.284      7.749
   6         -7.1     10.903     13.801
   7         -7.1     15.139     17.258
   8         -7.1     13.246     17.804
   9         -7.0     13.099     17.827
  10         -6.8     12.483     17.758
Writing output ... done.

==> 20.pdbqt_log.log <==
   1         -6.9      0.000      0.000
   2         -6.4      1.637      2.120
   3         -6.0     18.322     21.323
   4         -5.9     15.639     20.040
   5         -5.8     22.396     24.957
   6         -5.7     19.212     22.008
   7         -5.6     16.381     19.076
   8         -5.6     29.571     32.650
   9         -5.5     23.120     26.407
  10         -5.4     18.538     21.305
Writing output ... done.

==> 21.pdbqt_log.log <==
   1         -8.2      0.000      0.000
   2         -8.0     15.878     19.123
   3         -8.0     14.088     18.365
   4         -7.9      2.587     10.637
   5         -7.8      2.656     10.938
   6         -7.8      1.718      9.618
   7         -7.8      2.207     10.140
   8         -7.7      2.094     10.415
   9         -7.7     13.377     18.608
  10         -7.6     15.662     20.155
Writing output ... done.

==> 22.pdbqt_log.log <==
   1         -6.6      0.000      0.000
   2         -5.6     16.067     17.859
   3         -5.5     15.014     16.828
   4         -5.5     15.256     18.585
   5         -5.4     22.818     24.427
   6         -5.3      5.764      9.749
   7         -5.3     22.016     24.955
   8         -5.3     11.410     16.375
   9         -5.2     15.999     18.146
  10         -5.1     24.645     27.893
Writing output ... done.

==> 23.pdbqt_log.log <==
   1         -6.7      0.000      0.000
   2         -6.6      2.424      4.687
   3         -6.2     12.696     15.962
   4         -6.1     12.920     15.766
   5         -6.0     18.331     20.758
   6         -5.9     13.950     16.170
   7         -5.7     13.950     16.776
   8         -5.7     15.049     17.062
   9         -5.7     33.458     36.538
  10         -5.6     33.873     37.297
Writing output ... done.

==> 24.pdbqt_log.log <==
   1         -6.9      0.000      0.000
   2         -5.7     21.879     25.555
   3         -5.7     33.457     36.363
   4         -5.5     32.992     36.104
   5         -5.4     32.716     35.945
   6         -5.3      3.247      7.968
   7         -5.3     35.147     37.431
   8         -5.3      3.466      7.802
   9         -5.2     34.621     37.302
  10         -5.1     23.521     25.652
Writing output ... done.

==> 25.pdbqt_log.log <==
   1         -5.5      0.000      0.000
   2         -5.3     12.818     14.744
   3         -5.1     11.626     15.362
   4         -5.1     17.348     20.641
   5         -5.1     20.088     22.414
   6         -5.0      3.757      6.751
   7         -4.9      2.631      4.794
   8         -4.9     25.328     27.597
   9         -4.9     12.355     13.583
  10         -4.9     12.652     14.786
Writing output ... done.

==> 26.pdbqt_log.log <==
   1         -6.1      0.000      0.000
   2         -5.9     18.113     19.689
   3         -5.9     17.512     19.936
   4         -5.8     31.913     35.404
   5         -5.7     14.842     16.665
   6         -5.7      2.744      3.796
   7         -5.6     16.250     19.131
   8         -5.4      2.953      4.814
   9         -5.3     13.914     17.559
  10         -5.2     32.037     35.290
Writing output ... done.

==> 27.pdbqt_log.log <==
   1         -7.5      0.000      0.000
   2         -7.1      2.636      3.355
   3         -7.0      1.519      2.294
   4         -6.6      3.102      4.728
   5         -6.6     17.225     19.252
   6         -6.4     20.704     22.653
   7         -6.3     16.376     21.982
   8         -6.2     20.304     22.042
   9         -6.2     18.788     23.571
  10         -6.1     19.468     21.486
Writing output ... done.

==> 28.pdbqt_log.log <==
   1         -6.2      0.000      0.000
   2         -6.0      1.615      2.168
   3         -5.6      3.501      4.093
   4         -5.5     15.015     16.778
   5         -5.3     16.745     18.466
   6         -5.3     13.953     18.606
   7         -5.3     15.236     17.713
   8         -5.2      2.898      4.509
   9         -5.2      2.392      2.785
  10         -5.2     12.023     15.126
Writing output ... done.

==> 29.pdbqt_log.log <==
   1         -6.2      0.000      0.000
   2         -5.9     14.512     17.058
   3         -5.9      2.252      3.032
   4         -5.7     13.731     16.514
   5         -5.7     16.216     19.687
   6         -5.6      2.983      7.517
   7         -5.5     14.939     18.320
   8         -5.5     33.599     36.949
   9         -5.4     32.091     35.483
  10         -5.4      9.394     12.615
Writing output ... done.

==> 3.pdbqt_log.log <==
   1         -6.9      0.000      0.000
   2         -6.7     20.922     22.611
   3         -6.7     14.299     21.396
   4         -6.2      3.273      4.370
   5         -5.7     14.028     17.307
   6         -5.7     15.387     22.529
   7         -5.5      7.070      8.470
   8         -5.5      7.391      8.761
   9         -5.5     16.120     18.992
  10         -5.4     19.196     21.197
Writing output ... done.

==> 30.pdbqt_log.log <==
   1         -5.7      0.000      0.000
   2         -5.6     13.657     16.708
   3         -5.5     20.234     23.641
   4         -5.3     18.602     20.653
   5         -5.2     23.025     25.687
   6         -5.2     30.273     32.735
   7         -5.1     22.342     24.901
   8         -5.1      3.408      5.552
   9         -5.0      6.475      9.474
  10         -5.0      3.613      5.454
Writing output ... done.

==> 31.pdbqt_log.log <==
   1         -7.6      0.000      0.000
   2         -7.4      1.805      8.659
   3         -7.4      1.603      9.376
   4         -7.3     16.003     20.421
   5         -7.2      2.777      5.703
   6         -7.0     12.727     17.145
   7         -7.0     16.643     19.702
   8         -7.0      2.868      8.490
   9         -6.9     19.841     23.508
  10         -6.9     25.393     29.463
Writing output ... done.

==> 32.pdbqt_log.log <==
   1         -6.1      0.000      0.000
   2         -5.9     18.595     20.148
   3         -5.8     20.484     22.025
   4         -5.6     18.741     21.560
   5         -5.5     19.482     22.481
   6         -5.5     20.749     22.755
   7         -5.5     19.963     21.757
   8         -5.5      5.904      8.072
   9         -5.5     21.276     23.637
  10         -5.4     20.140     22.108
Writing output ... done.

==> 33.pdbqt_log.log <==
   1         -9.4      0.000      0.000
   2         -8.3      2.981      5.977
   3         -7.7     13.825     17.453
   4         -7.7      2.632     11.342
   5         -7.7      2.319      3.179
   6         -7.7      1.714      2.422
   7         -7.6     13.559     17.208
   8         -7.5      1.736      3.297
   9         -7.4      1.314      2.257
  10         -7.3      3.715      7.100
Writing output ... done.

==> 34.pdbqt_log.log <==
   1         -8.0      0.000      0.000
   2         -7.4     18.352     20.530
   3         -7.3     16.048     19.779
   4         -7.2     18.474     20.704
   5         -7.1     20.014     22.554
   6         -7.0      2.463      3.867
   7         -6.8     35.706     39.432
   8         -6.7     30.052     34.543
   9         -6.7     20.515     23.388
  10         -6.6     36.396     39.670
Writing output ... done.

==> 35.pdbqt_log.log <==
   1         -6.3      0.000      0.000
   2         -6.0     15.949     18.908
   3         -6.0     16.219     18.991
   4         -5.9     15.712     18.571
   5         -5.9      1.791      2.711
   6         -5.8      1.586      2.958
   7         -5.7     15.709     19.550
   8         -5.5     14.849     18.552
   9         -5.4     12.816     16.171
  10         -5.3     22.450     25.078
Writing output ... done.

==> 36.pdbqt_log.log <==
   1         -8.5      0.000      0.000
   2         -8.2      2.135      4.020
   3         -7.8      2.155      9.522
   4         -7.7     16.795     21.442
   5         -7.5      2.361      4.573
   6         -7.5     13.771     16.654
   7         -7.4      3.267      5.018
   8         -7.3      1.989     10.575
   9         -7.2      7.044     14.001
  10         -7.2     15.416     20.319
Writing output ... done.

==> 37.pdbqt_log.log <==
   1         -8.7      0.000      0.000
   2         -8.6     15.291     19.310
   3         -8.5      1.084      2.230
   4         -8.3     15.157     19.105
   5         -8.2      1.301      2.247
   6         -8.2     15.708     19.591
   7         -7.8     16.812     21.090
   8         -7.8     15.444     18.749
   9         -7.7     15.908     20.106
  10         -7.6     15.628     19.760
Writing output ... done.

==> 38.pdbqt_log.log <==
   1         -9.4      0.000      0.000
   2         -9.3     13.568     18.539
   3         -9.0      1.183      2.215
   4         -8.9     16.058     20.912
   5         -8.9      1.448      2.618
   6         -8.8     13.476     18.378
   7         -8.8     14.896     19.126
   8         -8.7      1.517      2.666
   9         -8.6      1.699      2.696
  10         -8.5      1.463      2.084
Writing output ... done.

==> 39.pdbqt_log.log <==
   1         -8.1      0.000      0.000
   2         -8.0      1.652      2.553
   3         -8.0      1.769      3.160
   4         -7.9     16.565     21.474
   5         -7.7      1.820      3.222
   6         -7.7     12.342     17.010
   7         -7.6     12.531     17.511
   8         -7.5     13.422     18.032
   9         -7.3      1.716      2.418
  10         -7.2     15.388     20.910
Writing output ... done.

==> 4.pdbqt_log.log <==
   1         -6.3      0.000      0.000
   2         -6.2      3.973      7.676
   3         -5.9      3.328      4.927
   4         -5.8      3.315      6.574
   5         -5.7      3.627      4.882
   6         -5.7     15.114     17.180
   7         -5.7     37.670     39.224
   8         -5.7     15.307     17.735
   9         -5.6     37.334     38.810
  10         -5.5     34.994     37.241
Writing output ... done.

==> 40.pdbqt_log.log <==
   1         -8.0      0.000      0.000
   2         -7.7     19.355     22.628
   3         -7.5     30.836     34.741
   4         -7.5     16.226     20.200
   5         -7.2     16.930     20.309
   6         -7.2     16.174     19.842
   7         -6.8     19.166     22.329
   8         -6.7      9.318     11.431
   9         -6.5     19.464     22.673
  10         -6.5     14.920     18.827
Writing output ... done.

==> 41.pdbqt_log.log <==
   1         -8.4      0.000      0.000
   2         -8.2      2.095      3.465
   3         -7.6      2.853      4.110
   4         -7.6      1.929      2.950
   5         -7.6     14.527     16.015
   6         -7.5     11.719     15.617
   7         -7.4     15.137     16.535
   8         -7.0     15.788     17.166
   9         -6.9     15.820     17.385
  10         -6.9      1.800      2.833
Writing output ... done.

==> 42.pdbqt_log.log <==
   1         -8.0      0.000      0.000
   2         -7.8      1.618      2.232
   3         -7.7     16.359     22.384
   4         -7.6     16.459     21.949
   5         -7.5     15.135     20.490
   6         -7.4     15.700     18.340
   7         -7.4     29.809     32.398
   8         -7.4     15.065     20.402
   9         -7.3     18.857     20.828
  10         -7.3     16.846     18.900
Writing output ... done.

==> 43.pdbqt_log.log <==
   1         -7.5      0.000      0.000
   2         -7.4      0.863      1.432
   3         -7.4     16.191     18.809
   4         -7.4      4.022      7.867
   5         -7.3     15.358     17.920
   6         -7.1     13.135     17.173
   7         -7.0     16.407     18.971
   8         -6.9      4.460      9.257
   9         -6.9      8.796     10.863
  10         -6.9      3.908      8.586
Writing output ... done.

==> 44.pdbqt_log.log <==
   1         -8.2      0.000      0.000
   2         -7.7     16.637     23.139
   3         -7.6      1.929      2.686
   4         -7.6      1.801      3.080
   5         -7.4     15.673     19.719
   6         -7.2     19.756     21.219
   7         -7.0     18.365     20.143
   8         -6.9     15.595     19.228
   9         -6.9     18.705     21.944
  10         -6.9     18.725     20.420
Writing output ... done.

==> 45.pdbqt_log.log <==
   1         -8.6      0.000      0.000
   2         -8.1      2.084      2.401
   3         -7.8      1.407      2.251
   4         -7.4     14.477     17.426
   5         -7.2     21.228     24.271
   6         -7.0     15.023     18.622
   7         -7.0      2.570      8.171
   8         -6.8     19.462     23.182
   9         -6.8     15.262     19.147
  10         -6.6     15.640     19.037
Writing output ... done.

==> 46.pdbqt_log.log <==
   1         -5.8      0.000      0.000
   2         -5.7     14.738     17.196
   3         -5.5     13.698     18.025
   4         -5.5     14.554     15.877
   5         -5.4      2.607      7.498
   6         -5.4     15.088     17.553
   7         -5.3      2.900      3.848
   8         -5.2     13.560     17.999
   9         -5.2     13.359     17.812
  10         -5.1     11.439     13.066
Writing output ... done.

==> 47.pdbqt_log.log <==
   1         -6.3      0.000      0.000
   2         -5.9     15.377     17.789
   3         -5.9     15.176     18.413
   4         -5.9      2.275      3.623
   5         -5.8     15.266     18.468
   6         -5.7     14.928     17.339
   7         -5.6     15.368     16.908
   8         -5.5      2.840      4.211
   9         -5.5     14.903     17.392
  10         -5.4     35.392     36.896
Writing output ... done.

==> 48.pdbqt_log.log <==
   1         -6.4      0.000      0.000
   2         -6.0     13.517     16.763
   3         -6.0      1.542      2.066
   4         -6.0     12.905     17.342
   5         -5.8      2.350      6.979
   6         -5.7     13.851     17.276
   7         -5.7     27.956     33.331
   8         -5.6     13.695     17.910
   9         -5.6     37.626     39.993
  10         -5.4     14.613     17.496
Writing output ... done.

==> 49.pdbqt_log.log <==
   1         -7.2      0.000      0.000
   2         -6.4      1.754      4.875
   3         -6.1      3.130      4.819
   4         -5.9     14.118     16.589
   5         -5.8      3.986      6.375
   6         -5.8     12.822     15.295
   7         -5.6     33.435     35.819
   8         -5.5     13.184     15.887
   9         -5.5     20.908     22.963
  10         -5.3     12.923     14.698
Writing output ... done.

==> 5.pdbqt_log.log <==
   1         -6.3      0.000      0.000
   2         -6.1     27.406     31.155
   3         -6.1      2.872      6.061
   4         -6.0      2.833      5.855
   5         -6.0      1.875      6.378
   6         -5.8      3.230      6.831
   7         -5.8      2.456      6.371
   8         -5.7      2.876      6.361
   9         -5.6      2.283      6.304
  10         -5.5     14.292     17.223
Writing output ... done.

==> 50.pdbqt_log.log <==
   1         -6.7      0.000      0.000
   2         -6.1     13.556     16.223
   3         -6.0      1.830      2.020
   4         -6.0     13.790     16.369
   5         -5.9     15.313     17.911
   6         -5.9     14.431     16.194
   7         -5.9     14.443     16.675
   8         -5.8      3.315      5.921
   9         -5.8      2.833      5.675
  10         -5.8     14.737     17.474
Writing output ... done.

==> 51.pdbqt_log.log <==
   1         -5.5      0.000      0.000
   2         -5.4      2.420      7.385
   3         -5.4     16.603     19.421
   4         -5.4      9.483     11.150
   5         -5.4     14.439     17.662
   6         -5.4     15.329     18.858
   7         -5.3     22.087     23.660
   8         -5.3      3.055      4.229
   9         -5.3     21.534     23.677
  10         -5.2      4.683      5.921
Writing output ... done.

==> 52.pdbqt_log.log <==
   1         -6.8      0.000      0.000
   2         -6.7      2.787      7.089
   3         -6.7      1.732      2.536
   4         -6.7      3.062      6.671
   5         -6.6     16.241     21.791
   6         -6.4     15.502     20.098
   7         -6.4      2.640      3.898
   8         -6.4      3.142      5.734
   9         -6.2      3.613      7.362
  10         -6.2      2.699      6.584
Writing output ... done.

==> 53.pdbqt_log.log <==
   1         -6.3      0.000      0.000
   2         -6.1     26.002     30.775
   3         -6.0     13.778     16.092
   4         -5.8     13.487     17.366
   5         -5.5     13.051     16.583
   6         -5.5      2.722      7.566
   7         -5.5      2.757      7.604
   8         -5.4     24.114     28.662
   9         -5.2     36.510     39.748
  10         -5.2     27.819     32.125
Writing output ... done.

==> 54.pdbqt_log.log <==
   1         -6.5      0.000      0.000
   2         -6.4     20.480     24.115
   3         -6.4     19.796     21.349
   4         -6.3     19.564     21.241
   5         -6.3     19.732     22.127
   6         -6.2     20.440     22.709
   7         -6.2      2.501      3.514
   8         -6.2     20.027     21.393
   9         -6.1     20.023     22.293
  10         -6.0     21.724     23.470
Writing output ... done.

==> 55.pdbqt_log.log <==
   1         -6.3      0.000      0.000
   2         -6.1      1.710      3.056
   3         -5.9     13.833     16.778
   4         -5.9      1.506      5.469
   5         -5.8     12.888     16.062
   6         -5.8      2.122      2.824
   7         -5.7     12.800     16.477
   8         -5.7     12.681     16.075
   9         -5.5     12.684     15.978
  10         -5.5      2.082      5.650
Writing output ... done.

==> 56.pdbqt_log.log <==
   1         -7.7      0.000      0.000
   2         -7.6     14.272     16.786
   3         -7.6     20.916     23.306
   4         -7.5      3.997      8.453
   5         -7.5     16.537     21.947
   6         -7.4      2.451      8.656
   7         -7.0      3.678      7.233
   8         -7.0      4.103      7.000
   9         -7.0      2.763      8.299
  10         -7.0      2.757      7.749
Writing output ... done.

==> 57.pdbqt_log.log <==
   1         -7.1      0.000      0.000
   2         -6.9      3.344      7.776
   3         -6.8     14.622     17.427
   4         -6.7     12.649     15.932
   5         -6.4     15.382     17.889
   6         -6.3      3.194      6.998
   7         -6.3      1.653      2.135
   8         -6.3     32.831     37.424
   9         -6.2      3.667      5.219
  10         -6.2     16.283     20.157
Writing output ... done.

==> 58.pdbqt_log.log <==
   1         -7.7      0.000      0.000
   2         -7.5      2.422      3.523
   3         -7.3     15.996     19.477
   4         -7.0     25.926     28.146
   5         -6.9      1.263      1.705
   6         -6.9     13.562     17.044
   7         -6.8      7.100     10.486
   8         -6.8      2.456      3.472
   9         -6.8     17.202     21.155
  10         -6.7     16.153     19.677
Writing output ... done.

==> 59.pdbqt_log.log <==
   1         -7.2      0.000      0.000
   2         -7.0     18.045     23.134
   3         -6.9     15.596     20.565
   4         -6.8     40.464     42.463
   5         -6.8     36.042     40.324
   6         -6.8     36.969     41.288
   7         -6.7     18.792     24.125
   8         -6.7     21.366     24.144
   9         -6.6      2.113      2.969
  10         -6.5     16.095     21.758
Writing output ... done.

==> 6.pdbqt_log.log <==
   1         -6.7      0.000      0.000
   2         -6.3      2.571      4.945
   3         -6.1     20.004     22.583
   4         -5.8      2.355      3.367
   5         -5.7     19.528     22.006
   6         -5.7     19.847     21.194
   7         -5.6     19.904     22.586
   8         -5.5     17.395     22.667
   9         -5.4     34.047     37.187
  10         -5.4      5.921      7.282
Writing output ... done.

==> 60.pdbqt_log.log <==
   1         -7.4      0.000      0.000
   2         -7.0      3.316      7.042
   3         -6.9      4.518      9.132
   4         -6.8      2.846      5.373
   5         -6.7     14.485     17.960
   6         -6.7     14.362     17.587
   7         -6.7     14.763     17.526
   8         -6.6     15.692     19.477
   9         -6.6     27.188     29.678
  10         -6.4     26.422     29.490
Writing output ... done.

==> 61.pdbqt_log.log <==
   1         -7.8      0.000      0.000
   2         -7.5     26.935     30.871
   3         -7.5      2.629      6.053
   4         -7.1     26.282     29.378
   5         -7.1      2.487      3.330
   6         -7.0     14.270     18.004
   7         -7.0      3.849      7.035
   8         -7.0      3.772      7.288
   9         -6.9      3.932      7.380
  10         -6.7     17.273     20.370
Writing output ... done.

==> 62.pdbqt_log.log <==
   1         -8.2      0.000      0.000
   2         -7.9     19.065     24.494
   3         -7.8     29.652     34.423
   4         -7.8     29.838     33.147
   5         -7.8     29.230     32.087
   6         -7.6     30.146     34.373
   7         -7.6     28.512     32.667
   8         -7.6     29.740     32.701
   9         -7.5     17.503     21.230
  10         -7.3     19.741     24.141
Writing output ... done.

==> 63.pdbqt_log.log <==
   1         -6.9      0.000      0.000
   2         -6.8     16.662     23.514
   3         -6.6     16.218     23.060
   4         -6.6      2.447      5.929
   5         -6.6      6.272      8.803
   6         -6.6      2.424      5.409
   7         -6.4     17.042     20.057
   8         -6.3     20.924     23.842
   9         -6.3     16.807     19.401
  10         -6.2     14.069     17.045
Writing output ... done.

==> 64.pdbqt_log.log <==
   1         -7.6      0.000      0.000
   2         -6.6     17.630     20.750
   3         -6.6     17.829     20.988
   4         -6.6     18.157     25.222
   5         -6.4      1.810      2.627
   6         -6.3      1.440      3.657
   7         -6.3     34.512     38.838
   8         -6.2      2.614      5.171
   9         -6.2     23.850     26.576
  10         -6.1     38.970     41.573
Writing output ... done.

==> 65.pdbqt_log.log <==
   1         -7.3      0.000      0.000
   2         -7.3     26.005     28.996
   3         -7.1      1.755      2.204
   4         -7.0     15.496     17.442
   5         -6.8     26.439     29.359
   6         -6.7     26.671     29.744
   7         -6.7     26.027     29.247
   8         -6.6     20.326     25.153
   9         -6.6     26.101     29.317
  10         -6.5     15.070     17.321
Writing output ... done.

==> 66.pdbqt_log.log <==
   1         -7.2      0.000      0.000
   2         -7.0      2.869      5.011
   3         -6.9      3.377      6.165
   4         -6.4     13.435     15.582
   5         -6.3     31.613     34.038
   6         -6.1     27.793     30.260
   7         -6.1      3.750      6.198
   8         -6.0     13.680     15.497
   9         -5.9     36.524     38.607
  10         -5.8     28.125     30.572
Writing output ... done.

==> 67.pdbqt_log.log <==
   1         -7.1      0.000      0.000
   2         -6.4     13.712     17.968
   3         -6.4      3.428      7.391
   4         -6.3     13.749     15.888
   5         -6.3     14.559     17.107
   6         -6.3     13.565     17.283
   7         -6.1      3.617      6.610
   8         -6.0     29.132     31.640
   9         -6.0     13.568     15.397
  10         -5.9     35.382     37.943
Writing output ... done.

==> 68.pdbqt_log.log <==
   1         -6.7      0.000      0.000
   2         -6.6     13.368     15.512
   3         -6.6      3.066      7.793
   4         -6.4     13.336     17.618
   5         -6.3      3.440      7.974
   6         -6.3     13.101     15.430
   7         -6.3     14.572     16.801
   8         -6.2     15.160     18.103
   9         -6.1     13.403     16.669
  10         -6.1      4.284      7.789
Writing output ... done.

==> 69.pdbqt_log.log <==
   1         -8.3      0.000      0.000
   2         -7.8     20.377     22.313
   3         -7.7     14.753     18.236
   4         -7.6     20.020     21.869
   5         -7.6     19.400     21.522
   6         -7.5      5.053      7.796
   7         -7.5     20.826     22.769
   8         -7.5     17.908     21.345
   9         -7.5     17.747     21.484
  10         -7.5     21.185     24.199
Writing output ... done.

==> 7.pdbqt_log.log <==
   1         -5.6      0.000      0.000
   2         -5.6     17.327     20.248
   3         -5.6     19.364     23.472
   4         -5.5     18.123     21.056
   5         -5.4     15.568     20.379
   6         -5.4      1.882      2.609
   7         -5.3     30.839     32.996
   8         -5.3     15.998     19.275
   9         -5.3     19.313     23.410
  10         -5.3     12.049     15.302
Writing output ... done.

==> 70.pdbqt_log.log <==
   1         -7.6      0.000      0.000
   2         -7.4     20.115     22.008
   3         -7.4      1.592      6.903
   4         -7.3     16.654     21.957
   5         -7.2     21.060     23.178
   6         -7.1     20.092     23.083
   7         -7.0     20.896     23.737
   8         -6.9      3.180      4.980
   9         -6.9     15.806     18.925
  10         -6.9     20.691     23.770
Writing output ... done.

==> 71.pdbqt_log.log <==
   1         -7.4      0.000      0.000
   2         -6.9      2.821      3.577
   3         -6.7     18.806     20.403
   4         -6.6     28.153     31.174
   5         -6.4     28.578     31.496
   6         -6.3     12.768     15.359
   7         -5.8     11.595     14.391
   8         -5.8     29.928     33.337
   9         -5.8     21.616     23.271
  10         -5.7     16.765     19.204
Writing output ... done.

==> 72.pdbqt_log.log <==
   1         -7.3      0.000      0.000
   2         -7.1      2.745      3.875
   3         -7.1     14.155     16.791
   4         -6.9      2.107      2.536
   5         -6.8      6.486      7.750
   6         -6.6     17.957     20.129
   7         -6.6     14.086     16.787
   8         -6.6     15.250     17.243
   9         -6.5     33.223     35.944
  10         -6.4     33.623     35.766
Writing output ... done.

==> 73.pdbqt_log.log <==
   1         -8.6      0.000      0.000
   2         -7.7     28.377     31.245
   3         -7.5     27.571     31.345
   4         -7.5     28.488     31.476
   5         -7.5     14.103     17.493
   6         -7.5     29.101     32.437
   7         -7.4     28.708     31.393
   8         -7.3     12.333     16.238
   9         -7.2     12.348     14.093
  10         -6.9     29.306     32.913
Writing output ... done.

==> 74.pdbqt_log.log <==
   1         -7.4      0.000      0.000
   2         -7.2     12.869     15.993
   3         -7.2      1.581      1.922
   4         -7.0     17.231     21.383
   5         -6.9     14.001     16.503
   6         -6.8     18.703     21.287
   7         -6.7     12.958     15.337
   8         -6.7     35.865     39.229
   9         -6.7      2.863      4.503
  10         -6.3     33.617     35.662
Writing output ... done.

==> 75.pdbqt_log.log <==
   1         -7.4      0.000      0.000
   2         -7.3     11.321     15.134
   3         -7.2     14.204     17.472
   4         -7.2     11.492     15.614
   5         -6.9     14.461     17.899
   6         -6.8      3.010      7.949
   7         -6.7      2.903      5.034
   8         -6.6     15.954     20.256
   9         -6.6     15.023     18.785
  10         -6.5     13.138     17.512
Writing output ... done.

==> 76.pdbqt_log.log <==
   1         -6.7      0.000      0.000
   2         -6.3      2.169      3.710
   3         -6.2     19.487     21.846
   4         -6.2     20.197     22.057
   5         -6.2     18.770     20.977
   6         -6.0     18.848     21.034
   7         -6.0     18.528     21.350
   8         -5.9     20.299     22.203
   9         -5.8     18.783     22.063
  10         -5.8     19.074     21.657
Writing output ... done.

==> 77.pdbqt_log.log <==
   1         -7.0      0.000      0.000
   2         -6.9      1.322      2.242
   3         -6.5     25.452     29.085
   4         -6.5     25.865     29.368
   5         -6.4      1.766      2.526
   6         -6.3     10.795     13.475
   7         -6.1     27.118     30.270
   8         -6.1      2.510      8.140
   9         -6.1     26.280     29.622
  10         -6.0     18.859     22.755
Writing output ... done.

==> 78.pdbqt_log.log <==
   1         -7.1      0.000      0.000
   2         -7.0     18.315     24.771
   3         -6.9     26.935     30.670
   4         -6.9      1.625      2.167
   5         -6.9      1.935      3.663
   6         -6.8     17.371     21.966
   7         -6.8     26.705     30.607
   8         -6.7     27.093     30.870
   9         -6.6     27.228     31.032
  10         -6.3     26.937     31.086
Writing output ... done.

==> 79.pdbqt_log.log <==
   1         -7.4      0.000      0.000
   2         -7.3      1.914      7.062
   3         -6.9     20.314     24.195
   4         -6.8     19.040     21.509
   5         -6.7     19.441     22.012
   6         -6.5     18.313     20.751
   7         -6.5     17.299     22.183
   8         -6.4     20.405     24.326
   9         -6.4      3.135      7.340
  10         -6.3     15.628     19.620
Writing output ... done.

==> 8.pdbqt_log.log <==
   1         -6.8      0.000      0.000
   2         -6.3     12.593     14.673
   3         -6.2      1.938      3.524
   4         -6.0     13.002     14.581
   5         -5.9     12.901     14.980
   6         -5.7     12.903     14.979
   7         -5.7     13.486     15.357
   8         -5.7     35.738     36.668
   9         -5.6     12.423     14.693
  10         -5.5      3.071      4.476
Writing output ... done.

==> 80.pdbqt_log.log <==
   1         -7.4      0.000      0.000
   2         -7.2      3.781      7.425
   3         -7.1      3.546      7.360
   4         -7.1     13.955     16.718
   5         -6.8     12.939     14.798
   6         -6.6     13.326     16.250
   7         -6.6     12.706     15.389
   8         -6.5      3.120      6.780
   9         -6.5     12.179     15.138
  10         -6.5     11.792     15.034
Writing output ... done.

==> 81.pdbqt_log.log <==
   1         -7.4      0.000      0.000
   2         -7.2      0.859      1.817
   3         -6.9     28.179     32.235
   4         -6.8     28.148     32.274
   5         -6.6     14.764     18.150
   6         -6.5     30.160     32.883
   7         -6.5     12.902     15.590
   8         -6.2     33.714     36.401
   9         -6.2     16.417     20.347
  10         -6.0     33.502     37.414
Writing output ... done.

==> 82.pdbqt_log.log <==
   1         -7.9      0.000      0.000
   2         -7.3      1.979      2.520
   3         -7.1     13.604     16.434
   4         -7.1     12.661     15.716
   5         -6.9      1.548      2.143
   6         -6.8     15.044     17.724
   7         -6.7     14.721     17.333
   8         -6.7      9.676     12.777
   9         -6.7     13.642     15.889
  10         -6.6     36.062     38.749
Writing output ... done.

==> 83.pdbqt_log.log <==
   1         -8.3      0.000      0.000
   2         -7.3     14.919     19.263
   3         -6.7     15.153     18.218
   4         -6.7     21.669     24.748
   5         -6.6     27.055     29.744
   6         -6.6     26.132     29.534
   7         -6.6      5.601      9.277
   8         -6.4     11.105     14.902
   9         -6.3     15.482     20.413
  10         -6.3      4.483      7.122
Writing output ... done.

==> 84.pdbqt_log.log <==
   1         -7.6      0.000      0.000
   2         -7.0     14.252     18.124
   3         -6.9     15.540     21.184
   4         -6.8      2.021      9.086
   5         -6.7      1.134      2.324
   6         -6.4     14.572     18.218
   7         -6.4     14.053     16.583
   8         -6.3     25.822     27.661
   9         -6.2     14.649     21.167
  10         -6.1     25.330     28.530
Writing output ... done.

==> 85.pdbqt_log.log <==
   1         -7.4      0.000      0.000
   2         -7.0      2.759      9.018
   3         -7.0     29.190     32.709
   4         -6.9     13.751     17.354
   5         -6.9     26.360     31.226
   6         -6.8      4.238      8.057
   7         -6.7      2.143      7.745
   8         -6.7      2.614      8.721
   9         -6.5     25.959     29.518
  10         -6.5     13.031     16.938
Writing output ... done.

==> 86.pdbqt_log.log <==
   1         -6.2      0.000      0.000
   2         -6.2     37.527     39.233
   3         -5.5     35.536     38.717
   4         -5.5      2.649      3.316
   5         -5.5     35.059     36.779
   6         -5.4     14.067     16.990
   7         -5.4      2.247      3.265
   8         -5.3     37.651     40.373
   9         -5.2     37.750     40.292
  10         -5.2      3.812      5.803
Writing output ... done.

==> 87.pdbqt_log.log <==
   1         -7.5      0.000      0.000
   2         -7.3      1.789      2.511
   3         -7.2     13.147     17.172
   4         -7.2      3.241      4.222
   5         -7.1     18.538     20.622
   6         -7.1     14.341     16.066
   7         -7.1      2.120      3.587
   8         -7.0      5.061      5.938
   9         -6.9      4.124      4.712
  10         -6.9      2.129      2.500
Writing output ... done.

==> 88.pdbqt_log.log <==
   1         -7.9      0.000      0.000
   2         -7.6     27.074     30.856
   3         -7.3      2.955      6.506
   4         -7.3     15.475     19.813
   5         -7.2      2.826      7.339
   6         -7.0     13.917     16.645
   7         -6.9      3.192      4.326
   8         -6.9     13.820     15.831
   9         -6.8      3.098      7.272
  10         -6.8     23.107     25.889
Writing output ... done.

==> 89.pdbqt_log.log <==
   1         -8.9      0.000      0.000
   2         -8.0     15.892     17.939
   3         -7.9      2.341      3.485
   4         -7.6     15.514     18.988
   5         -7.6      4.182      8.958
   6         -7.4     16.783     19.039
   7         -7.4      2.880      6.668
   8         -7.3     16.712     18.852
   9         -7.2      4.926      8.923
  10         -7.0     15.222     17.827
Writing output ... done.

==> 9.pdbqt_log.log <==
   1         -6.7      0.000      0.000
   2         -6.4      3.137      7.553
   3         -6.3      1.577      1.968
   4         -6.1     19.218     20.377
   5         -6.0     19.823     20.917
   6         -5.9      1.387      2.277
   7         -5.9      4.061      7.268
   8         -5.8     20.511     21.758
   9         -5.7      2.535      3.686
  10         -5.5     20.120     21.508
Writing output ... done.

==> 90.pdbqt_log.log <==
   1         -8.4      0.000      0.000
   2         -8.2      4.377      8.179
   3         -8.0     13.453     16.976
   4         -8.0     14.116     16.995
   5         -7.8      1.014      1.324
   6         -7.7     13.803     17.284
   7         -7.6      3.487      7.866
   8         -7.5     31.589     35.432
   9         -7.4      3.627      8.465
  10         -7.4     35.936     38.426
Writing output ... done.

==> 91.pdbqt_log.log <==
   1         -6.9      0.000      0.000
   2         -6.8     19.599     20.878
   3         -6.8     13.909     15.823
   4         -6.8      3.270      8.049
   5         -6.7     15.874     17.799
   6         -6.7      4.185      7.690
   7         -6.7     13.693     15.665
   8         -6.5     15.114     17.720
   9         -6.5      3.721      6.134
  10         -6.4     14.958     17.901
Writing output ... done.

==> 92.pdbqt_log.log <==
   1         -7.1      0.000      0.000
   2         -6.7      3.037      7.192
   3         -6.4     26.697     30.720
   4         -6.4     18.869     21.168
   5         -6.2     32.906     36.428
   6         -6.0     14.370     16.935
   7         -5.9     32.007     35.457
   8         -5.9     33.284     34.970
   9         -5.8     13.295     15.982
  10         -5.8      2.805      6.804
Writing output ... done.

==> 93.pdbqt_log.log <==
   1         -8.6      0.000      0.000
   2         -8.4      1.807      2.224
   3         -8.1     12.269     15.476
   4         -8.0     25.335     29.030
   5         -7.7     25.471     29.799
   6         -7.5     16.238     18.960
   7         -7.3     12.596     16.621
   8         -7.1     33.453     37.784
   9         -7.1     11.252     15.015
  10         -7.0     16.255     18.263
Writing output ... done.

==> 94.pdbqt_log.log <==
   1         -8.3      0.000      0.000
   2         -8.1     15.221     19.480
   3         -8.0     15.633     20.984
   4         -8.0     13.479     18.547
   5         -8.0     12.327     16.294
   6         -7.9     18.053     20.529
   7         -7.8     30.071     33.270
   8         -7.8     19.170     22.108
   9         -7.8     14.967     19.861
  10         -7.8     14.479     18.862
Writing output ... done.

==> 95.pdbqt_log.log <==
   1         -6.5      0.000      0.000
   2         -6.3     16.670     20.468
   3         -6.1      1.688      4.625
   4         -6.1      2.022      6.126
   5         -6.0      2.009      5.925
   6         -6.0     18.035     20.736
   7         -5.9     15.178     19.652
   8         -5.9      2.057      6.265
   9         -5.7      3.783      6.621
  10         -5.7     12.498     16.468
Writing output ... done.

==> 96.pdbqt_log.log <==
   1         -7.5      0.000      0.000
   2         -6.9     12.328     15.482
   3         -6.9      2.014      2.537
   4         -6.8      3.876      6.548
   5         -6.8      3.938      6.595
   6         -6.7      2.984      4.328
   7         -6.6      3.736      5.969
   8         -6.6      3.898      7.601
   9         -6.6      2.784      5.525
  10         -6.5      2.585      5.920
Writing output ... done.

==> 97.pdbqt_log.log <==
   1         -8.2      0.000      0.000
   2         -8.1     20.453     22.249
   3         -8.1      2.024      3.233
   4         -8.0      4.220      6.967
   5         -7.7      2.517      9.078
   6         -7.6     15.681     20.618
   7         -7.6      4.574      6.862
   8         -7.5     15.499     18.231
   9         -7.4     28.970     32.282
  10         -7.3     20.602     22.343
Writing output ... done.

==> 98.pdbqt_log.log <==
   1         -8.3      0.000      0.000
   2         -7.7     15.395     18.993
   3         -7.6     12.013     14.559
   4         -7.6     28.172     31.676
   5         -7.5     10.766     15.086
   6         -7.3     19.621     22.111
   7         -7.2     12.665     16.873
   8         -7.1     27.916     30.967
   9         -7.1     12.785     17.163
  10         -6.9     16.214     21.294
Writing output ... done.

==> 99.pdbqt_log.log <==
   1         -8.5      0.000      0.000
   2         -8.2     15.527     20.294
   3         -7.9      4.531      8.372
   4         -7.9      4.572      8.123
   5         -7.9      3.564      4.866
   6         -7.7     14.972     19.621
   7         -7.7     16.239     20.767
   8         -7.5     18.010     22.596
   9         -7.3      4.079      8.092
  10         -7.2     14.688     19.769
Writing output ... done.
